fun = @p4_carr;
x0 = [0,0.1,0.8];
data = [0.00878951850752759;0.00681143865369319;0.00614211258885664;0.00392207799469509;0.00838077500932272;0.00835075172303259;0.00567127955354151;0.00597273492853396;0.00841416993325408;0.00418916702609799;0.00647710247639112;0.00500666141558404;0.00873445533349768;0.0145109095278935;0.00800150479260452;0.00619771808931131;0.00511610076751587;0.00645709331540267;0.00461371150919715;0.0128906625770229;0.00665469298921682;0.00809723857655024;0.00464432252035974;0.0103090154415648;0.00955381492364829;0.00615731709040810;0.00477168571264695;0.00751945566736181;0.00504771217116736;0.00561963590792564;0.00902662201632262;0.00621646017979663;0.00620193393516254;0.00361612972852357;0.00475355659199208;0.00490101694270673;0.00654589602269451;0.00635759287027978;0.00590328694262547;0.00563276690062169;0.00454588550216043;0.00704390796418368;0.00416644726664870;0.00705518681153828;0.00394551248357486;0.00416627986863794;0.00452118474866369;0.00541544497593283;0.00379694761873724;0.00470227756495618;0.00525242249067519;0.00879192090129356;0.00596255627133976;0.00570869186936749;0.00490039692672498;0.00258977900837051;0.00413021304858978;0.00431146360998833;0.00471758699970554;0.00468812456031434;0.00367080534301177;0.00384606632691540;0.00200882617687101;0.00543884748457781;0.00732971357590283;0.00557059915492022;0.00427307989454607;0.00656055220654135;0.00516529525951429;0.00470905609711336;0.00708142110189222;0.00502663974855109;0.00494845755096838;0.00529271438675716;0.0137749434305600;0.00411411991960084;0.0104667053594242;0.00415889058295939;0.00146492900289326;0.00735777771328939;0.00483707739715185;0.00394666074601843;0.00542315816480735;0.00458385563332704;0.00296574036970126;0.00821864466155589;0.00637258046516277;0.00490320301201476;0.00612126629511634;0.00614609096813531;0.00853188431959029;0.0110071572234849;0.00695088557411518;0.00758485965138213;0.00547255159205342;0.00571588833717727;0.00467661051660720;0.00366173732817909;0.00835550472306316;0.00829564277077596;0.00469264150639360;0.00513351339703300;0.00517857783870405;0.00647965925007004;0.00375000409426218;0.00433212093334711;0.00385606529640448;0.00577557889635458;0.00501230014795769;0.00521617917616275;0.00451880247208836;0.00554146229821665;0.00484003463393305;0.00408170332067960;0.00481276580308055;0.00590040474529463;0.00903626156989869;0.00784329621116677;0.00876309878554243;0.00787214647692664;0.00591690701785407;0.00611111791137221;0.00671726147401571;0.00427421275946464;0.00498241885353136;0.00501828939248032;0.00772081970914630;0.00411357590428535;0.00620884727380235;0.00615965609326636;0.00603472551893126;0.00442268611382604;0.00726575983909305;0.00636617123266609;0.00620219044926460;0.00523590005524951;0.00521390229444174;0.00387625334379911;0.00423163384176757;0.00744925302788319;0.00362658834161630;0.00408829652523816;0.00637158451493384;0.0129365442257914;0.0123499592753519;0.0105998592747964;0.00899601333999939;0.00949326163247327;0.00894647615351417;0.0109338889005388;0.00693725276498892;0.00909665930687224;0.0183755837012129;0.00874426201969099;0.0104095529986733;0.0205807901884678;0.0131170896523656;0.0149797261973836;0.00815589478853917;0.00614086518661223;0.00724882448080498;0.00698847676261875;0.00873448598867383;0.00493821812114597;0.00477305310997232;0.00347097473500567;0.00494096869283890;0.0114551468402624;0.00442208655479502;0.00734693345616011;0.00422615038856674;0.00707925187443051;0.00765100972180944;0.0131396373521141;0.00884625724963416;0.00722656724158195;0.00536997678050491;0.00534865316511830;0.0118639889325672;0.00679894189424004;0.00722600068787539;0.00738265429451261;0.00653999579166967;0.00377627871722420;0.00990473288760711;0.0151048309554806;0.0101212131513677;0.0111349000779310;0.00726019446148287;0.0108276602276397;0.00617967157536484;0.00380710840205152;0.00589361675801664;0.00455940430961085;0.00900071106203755;0.00802600143257472;0.0106110109517236;0.0123871558416949;0.00443702169264707;0.00842379749349759;0.00778770674143837;0.00830229240750012;0.00834810934995220;0.00549866407805917;0.0129759438228700;0.00831976314088528;0.00577093051993687;0.00813020332233949;0.00911438291467146;0.0135824786651538;0.00977687153012512;0.00964504908392952;0.00914291065738286;0.00501673221804346;0.00719777209059164;0.0108788701641972;0.00772013863188599;0.0156104250050603;0.00931015154787158;0.00789220689819788;0.00507176647053014;0.0112547445878338;0.00999449206218336;0.00691179822196382;0.00659871041224513;0.00550854183687305;0.00543106013799136;0.00585171943926968;0.00541704462075574;0.0116471776600195;0.00784250261618742;0.00774886773167377;0.00476485067561187;0.00696848049078776;0.00933617028970650;0.00678204109856622;0.0120670714925499;0.00511984891519075;0.00564004287742746;0.00322158515314952;0.00628283130262638;0.00538064443323899;0.00703260447252348;0.00659553408703220;0.0124441110660095;0.00440845792329145;0.00399300162745224;0.00569559889266683;0.00355144977241389;0.00701972959259737;0.00829425434900041;0.00580750177711701;0.00474477504231299;0.00679935829802919;0.00495861544003572;0.00526421999404621;0.00927453005318550;0.00414268359736327;0.00574398729295936;0.00832835967343180;0.00319295347458626;0.00511663332986845;0.00541468329780577;0.00459586714163127;0.00557795803030095;0.00636861435590176;0.00767573235745913;0.00604982330510762;0.00521238925378698;0.00300591622600867;0.00439829267549200;0.00298877156185713;0.00683957953711428;0.00517174625106617;0.00418235852334495;0.00771781299301276;0.00675947455916043;0.00588938684905948;0.00785014272601916;0.00785014272601916;0.00543188841927253;0.00527352148167211;0.00467710546861461;0.00482491013294166;0.00340925593635753;0.00733487588799649;0.00709278801295707;0.00495416688714625;0.00482108366756710;0.00426113043757913;0.00627126308225367;0.00471727886150220;0.00431129780004669;0.00747546184142463;0.00435005027092891;0.00556790817058002;0.00572974317981702;0.00444925081932943;0.00478455661073813;0.00561260148513412;0.00445674819420138;0.00457715794185589;0.00383377942861009;0.00897081371865801;0.00272059174778276;0.00436601406498857;0.00445211962438290;0.00502648736372329;0.00472792871010004;0.00795678342487094;0.00486908130476686;0.00441124230124219;0.00570236472452299;0.00705401346588113;0.00492903256841091;0.00424614197917191;0.00486502887072617;0.00553114895884954;0.00323172728395205;0.00458137311448960;0.00444962065695539;0.00354016050860148;0.00354254708046082;0.00253508694027578;0.00433450256909078;0.00422247773421081;0.00177497655110302;0.00391224684160452;0.00818823615322871;0.00465038654475022;0.00463472901867281;0.00368546386621071;0.00307107727226502;0.00469321777858928;0.00328836434654712;0.00292195441383892;0.00244969847218916;0.00224246370245097;0.00541095206873379;0.00466996471588661;0.00329951478906698;0.00439324850981175;0.00304307333266084;0.00286909157229103;0.00409754514991746;0.00283437139216577;0.00365561608107972;0.00415096927227584;0.00800624432701113;0.00793053400902540;0.00480411211276126;0.00436773710193428;0.00945574741439330;0.00630255045989842;0.00493668828972277;0.00577007434926368;0.00521019399342130;0.00459699175162113;0.00342332334201849;0.00813825132172263;0.00526640351658527;0.00456083388687777;0.00444450653385999;0.00367236648189458;0.00740496567482290;0.00847515064351514;0.00714847254854465;0.00596127576852278;0.00315255949327114;0.00467212607056716;0.00529712004609210;0.00550766905828647;0.00631705524376264;0.00391075191452117;0.00438355759990696;0.00416049122442064;0.00238278852923648;0.00567651828360745;0.00465708374543040;0.00395041404986152;0.00574864020644339;0.00673769395245777;0.00373174421663173;0.00353982619941988;0.00338420004113298;0.00851172184149681;0.00777575574268573;0.00445848038754532;0.00380568128982091;0.00479971549267173;0.00575882739648176;0.00594947170433453;0.00438476079386292;0.00455447839829465;0.00407858609466514;0.00652160625530850;0.00416851294870798;0.00245262642891893;0.00352138898402441;